1518
1520
1521
1522
1524
1525
1526
1527
1528
1529
1531
1532
1533
1534
1535
1536
1537
1538
1540
1541
1542
1543
1544
1545
1546
1547
1548
1549
1550
1551
1554
1555
1556
1558
1559
1560
1562
1564
1565
1566
1567
1568
1569
1570
1571
1572
1573
1574
1576
1579
1580
1582
1583
1585
1586
1587
1588
1589
1590
1593
1594
1596
1597
1598
1599
1600
1602
1603
1606
1607
1608
1609
1610
1611
1612
1613
1614
1615
1616
1617
1618
1621
1625
1626
1627
1628
1629
1630
1631
1632
1633
1634
1635
1636
1637
1638
1639
1640
1641
1642
1643
1646
1647
1648
1649
1650
1651
1652
1655
1658
1563
1623
1653
1654
1557
1656
1619
1578
1595
1622
1539
1644
